Optimized parameters:
D    = 0.22551221321161743  592.0823608895442
beta = 1.6848070679194864
Errors:
D    = 0.002  5.0
beta = 0.02
R2 = 0.9871566013859202
