Optimized parameters:
D    = 0.23072843054320896  605.7775405368812
beta = 2.2710712006627034
Errors:
D    = 0.001  4.0
beta = 0.02
R2 = 0.992370923665266
