Optimized parameters:
D    = 0.23017151075915868  604.3153475324733
beta = 2.2748681596393876
Errors:
D    = 0.001  4.0
beta = 0.02
R2 = 0.9923730209475231
