Optimized parameters:
D    = 0.22551907397885135  592.100373835289
beta = 1.6845113181624711
Errors:
D    = 0.002  5.0
beta = 0.02
R2 = 0.9872366259718147
