&input
D = 2

deltat = 0.001d0 !s
Nt = 400000 !400 s @0.001
nmeas = 100 !Every 0.1 s @0.01, 4000 total points
Nsamples = 1

DR = 0.16 !rad^2/s
DT = 0.22 !um/s

Npar = 3
v_mode = "EXP"
!v_mode = "EXPRND"

par(1) = 18.613293768497606 !Pe=3.76
par(2) = 25.0 !tau in s
par(3) = 122.54901960784315 !T in s

seed = 0
output_path="./resultexptraj3/"
/
