Optimized parameters:
D    = 0.2264080498638339  594.4343801991059
beta = 1.672859748940128
Errors:
D    = 0.002  5.0
beta = 0.02
R2 = 0.9889720794368603
