Optimized parameters:
D    = 0.1357318694680372  356.3640504347056
beta = 1.8328498454709077
Errors:
D    = 0.002  5.0
beta = 0.01
R2 = 0.9518189949146254
